tfidf[-1]  (0, 0)	1.0tfidf  (0, 0)	0.4494364165239821
  (0, 1)	0.6316672017376245
  (0, 2)	0.6316672017376245
  (1, 0)	1.0
vals[[0.44943642 1.        ]]
idx0
flatNone
req0.4494364165239821tfidf[-1]  (0, 461)	1.0tfidf  (0, 1398)	0.35309580630669146
  (0, 225)	0.45254671588595263
  (0, 404)	0.42345918950271355
  (0, 254)	0.3868132401684886
  (0, 400)	0.40282126109632205
  (0, 1218)	0.42345918950271355
  (1, 1398)	0.2748731459987694
  (1, 1832)	0.3296486606232856
  (1, 1191)	0.35229231637755004
  (1, 831)	0.2682954196796309
  (1, 778)	0.21837915342903913
  (1, 1306)	0.35229231637755004
  (1, 991)	0.2748731459987694
  (1, 2047)	0.35229231637755004
  (1, 1484)	0.35229231637755004
  (1, 300)	0.35229231637755004
  (2, 1398)	0.3369943925897383
  (2, 12)	0.3844523321454551
  (2, 1777)	0.28538564680059164
  (2, 149)	0.3844523321454551
  (2, 876)	0.4319102717011719
  (2, 2080)	0.3691742880770036
  (2, 638)	0.4319102717011719
  (3, 1398)	0.44408024658397505
  (3, 588)	0.5691573040288286
  :	:
  (399, 1450)	0.20954309590640297
  (399, 1320)	0.20954309590640297
  (399, 1526)	0.20954309590640297
  (399, 1239)	0.20954309590640297
  (399, 1555)	0.20954309590640297
  (399, 31)	0.20954309590640297
  (399, 1971)	0.20954309590640297
  (399, 900)	0.20954309590640297
  (399, 1289)	0.20954309590640297
  (399, 1130)	0.20954309590640297
  (399, 911)	0.20954309590640297
  (399, 1247)	0.20954309590640297
  (399, 654)	0.20954309590640297
  (399, 1673)	0.20954309590640297
  (399, 2019)	0.20954309590640297
  (399, 1972)	0.20954309590640297
  (399, 718)	0.20954309590640297
  (400, 892)	0.4157160685357028
  (400, 244)	0.46703329671535465
  (400, 461)	0.4157160685357028
  (400, 341)	0.46703329671535465
  (400, 278)	0.46703329671535465
  (401, 461)	0.664877727617694
  (401, 426)	0.746952212204992
  (402, 461)	1.0
vals[[0.         0.         0.         0.         0.         0.
  0.         0.         0.         0.         0.         0.
  0.         0.         0.         0.         0.         0.
  0.         0.         0.         0.         0.         0.
  0.         0.         0.         0.         0.         0.
  0.         0.         0.         0.         0.         0.
  0.         0.         0.         0.         0.         0.
  0.         0.         0.         0.         0.         0.
  0.         0.         0.         0.         0.         0.
  0.         0.         0.         0.         0.         0.
  0.         0.         0.         0.         0.         0.
  0.         0.         0.         0.         0.         0.
  0.         0.         0.         0.         0.         0.
  0.         0.         0.         0.         0.         0.
  0.         0.         0.         0.         0.         0.
  0.         0.         0.         0.         0.         0.
  0.         0.         0.         0.         0.         0.
  0.         0.         0.         0.         0.         0.
  0.         0.         0.         0.         0.         0.
  0.         0.         0.         0.         0.         0.
  0.         0.         0.         0.         0.         0.
  0.         0.         0.         0.         0.         0.
  0.         0.         0.         0.         0.         0.
  0.         0.         0.         0.         0.         0.
  0.         0.         0.         0.         0.         0.
  0.         0.         0.         0.         0.         0.
  0.         0.         0.         0.         0.         0.
  0.         0.         0.         0.         0.         0.
  0.         0.         0.         0.         0.         0.
  0.         0.         0.         0.         0.         0.
  0.         0.         0.         0.         0.         0.
  0.         0.         0.         0.         0.         0.
  0.         0.         0.         0.         0.         0.
  0.         0.         0.         0.         0.         0.
  0.         0.         0.         0.         0.         0.
  0.         0.         0.         0.         0.         0.
  0.         0.         0.         0.         0.         0.
  0.         0.         0.         0.         0.         0.
  0.         0.         0.         0.         0.         0.
  0.         0.         0.         0.         0.         0.
  0.         0.         0.         0.         0.         0.
  0.         0.         0.         0.         0.         0.
  0.         0.         0.         0.         0.         0.
  0.         0.         0.         0.         0.         0.
  0.         0.         0.         0.         0.         0.
  0.         0.         0.         0.         0.         0.
  0.         0.         0.         0.         0.         0.
  0.         0.         0.         0.         0.         0.
  0.         0.         0.         0.         0.         0.
  0.         0.         0.         0.         0.         0.
  0.         0.         0.         0.         0.         0.
  0.         0.         0.         0.         0.         0.
  0.         0.         0.         0.         0.         0.
  0.         0.         0.         0.         0.         0.
  0.         0.         0.         0.         0.         0.
  0.         0.         0.         0.         0.         0.
  0.         0.         0.         0.         0.         0.
  0.         0.         0.         0.         0.         0.
  0.         0.         0.         0.         0.         0.
  0.         0.         0.         0.         0.         0.
  0.         0.         0.         0.         0.         0.
  0.         0.         0.         0.         0.         0.
  0.         0.         0.         0.         0.         0.
  0.         0.         0.         0.         0.         0.
  0.         0.         0.         0.         0.         0.
  0.         0.         0.         0.         0.         0.
  0.         0.         0.         0.         0.41571607 0.66487773
  1.        ]]
idx401
flatNone
req0.664877727617694tfidf[-1]  (0, 244)	1.0tfidf  (0, 1398)	0.35309580630669146
  (0, 225)	0.45254671588595263
  (0, 404)	0.42345918950271355
  (0, 254)	0.3868132401684886
  (0, 400)	0.40282126109632205
  (0, 1218)	0.42345918950271355
  (1, 1398)	0.2748731459987694
  (1, 1832)	0.3296486606232856
  (1, 1191)	0.35229231637755004
  (1, 831)	0.2682954196796309
  (1, 778)	0.21837915342903913
  (1, 1306)	0.35229231637755004
  (1, 991)	0.2748731459987694
  (1, 2047)	0.35229231637755004
  (1, 1484)	0.35229231637755004
  (1, 300)	0.35229231637755004
  (2, 1398)	0.3369943925897383
  (2, 12)	0.3844523321454551
  (2, 1777)	0.28538564680059164
  (2, 149)	0.3844523321454551
  (2, 876)	0.4319102717011719
  (2, 2080)	0.3691742880770036
  (2, 638)	0.4319102717011719
  (3, 1398)	0.44408024658397505
  (3, 588)	0.5691573040288286
  :	:
  (399, 1450)	0.20954309590640297
  (399, 1320)	0.20954309590640297
  (399, 1526)	0.20954309590640297
  (399, 1239)	0.20954309590640297
  (399, 1555)	0.20954309590640297
  (399, 31)	0.20954309590640297
  (399, 1971)	0.20954309590640297
  (399, 900)	0.20954309590640297
  (399, 1289)	0.20954309590640297
  (399, 1130)	0.20954309590640297
  (399, 911)	0.20954309590640297
  (399, 1247)	0.20954309590640297
  (399, 654)	0.20954309590640297
  (399, 1673)	0.20954309590640297
  (399, 2019)	0.20954309590640297
  (399, 1972)	0.20954309590640297
  (399, 718)	0.20954309590640297
  (400, 892)	0.41759453169107297
  (400, 244)	0.4389893459183194
  (400, 461)	0.4389893459183194
  (400, 341)	0.46914364295070954
  (400, 278)	0.46914364295070954
  (401, 461)	0.6832509456202243
  (401, 426)	0.7301836380726902
  (402, 244)	1.0
vals[[0.         0.         0.         0.         0.         0.
  0.         0.         0.         0.         0.         0.
  0.         0.         0.         0.         0.         0.
  0.         0.         0.         0.         0.         0.
  0.         0.         0.         0.         0.         0.
  0.         0.         0.         0.         0.         0.
  0.         0.         0.         0.         0.         0.
  0.         0.         0.         0.         0.         0.
  0.         0.         0.         0.         0.         0.
  0.         0.         0.         0.         0.         0.
  0.         0.         0.         0.         0.         0.
  0.         0.         0.         0.         0.         0.
  0.         0.         0.         0.         0.         0.
  0.         0.         0.         0.         0.         0.
  0.         0.         0.         0.         0.         0.
  0.         0.         0.         0.         0.         0.
  0.         0.         0.         0.         0.         0.
  0.         0.         0.         0.         0.         0.
  0.         0.         0.         0.         0.         0.
  0.         0.         0.         0.         0.         0.
  0.         0.         0.         0.         0.         0.
  0.         0.         0.         0.         0.         0.
  0.         0.         0.         0.         0.         0.
  0.         0.         0.         0.         0.         0.
  0.         0.         0.         0.         0.         0.
  0.         0.         0.         0.         0.         0.
  0.         0.         0.         0.         0.         0.
  0.         0.         0.         0.         0.         0.
  0.         0.         0.         0.         0.         0.
  0.         0.         0.         0.         0.         0.
  0.         0.         0.         0.         0.         0.
  0.         0.         0.         0.         0.         0.
  0.         0.         0.         0.         0.         0.
  0.         0.         0.         0.         0.         0.
  0.         0.         0.         0.         0.         0.
  0.         0.         0.         0.         0.         0.
  0.         0.         0.         0.         0.         0.
  0.         0.         0.         0.         0.         0.
  0.         0.         0.         0.         0.         0.
  0.         0.         0.         0.         0.         0.
  0.         0.         0.         0.         0.         0.
  0.         0.         0.         0.         0.         0.
  0.         0.         0.         0.         0.         0.
  0.         0.         0.         0.         0.         0.
  0.         0.         0.         0.         0.         0.
  0.         0.         0.         0.         0.         0.
  0.         0.         0.         0.         0.         0.
  0.         0.         0.         0.         0.         0.
  0.         0.         0.         0.         0.         0.
  0.         0.         0.         0.         0.         0.
  0.         0.         0.         0.         0.         0.
  0.         0.         0.         0.         0.         0.
  0.         0.         0.         0.         0.         0.
  0.         0.         0.         0.         0.         0.
  0.         0.         0.         0.         0.         0.
  0.         0.         0.         0.         0.         0.
  0.         0.         0.         0.         0.         0.
  0.         0.         0.         0.         0.         0.
  0.         0.         0.         0.         0.         0.
  0.         0.         0.         0.         0.         0.
  0.         0.         0.         0.         0.         0.
  0.         0.         0.         0.         0.         0.
  0.         0.         0.         0.         0.         0.
  0.         0.         0.         0.         0.         0.
  0.         0.         0.         0.         0.         0.
  0.         0.         0.         0.         0.         0.
  0.         0.         0.         0.         0.43898935 0.
  1.        ]]
idx400
flatNone
req0.4389893459183194